v(0.01) = 0.9226038433603709
v(0.02) = 1.7742745324054638
v(0.03) = 2.5604656672013584
v(0.04) = 3.2862115551157087
v(0.05) = 3.956159447572328
v(0.06) = 4.57459929832631
v(0.07) = 5.145491233814221
v(0.08) = 5.672490911483417
v(0.09) = 6.158972928480339
v(0.1) = 6.608052430593341
v(0.11) = 7.022605059821024
v(0.12) = 7.405285368298655
v(0.13) = 7.7585438164946385
v(0.14) = 8.084642464523526
v(0.15) = 8.385669457053574
v(0.16) = 8.66355239456167
v(0.17) = 8.92007067655733
v(0.18) = 9.156866895814538
v(0.19) = 9.375457356573422
v(0.2) = 9.577241784064135
v(0.21) = 9.76351228752708
v(0.22) = 9.935461634123394
v(0.23) = 10.094190886716952
v(0.24) = 10.240716454435798
v(0.25) = 10.375976601160648
v(0.26) = 10.50083745361701
v(0.27) = 10.61609854754325
v(0.28) = 10.722497947448968
v(0.29) = 10.820716972747661
v(0.3) = 10.91138456052705
v(0.31) = 10.995081292893648
v(0.32) = 11.072343114680404
v(0.33) = 11.143664765323367
v(0.34) = 11.209502946883166
v(0.35000000000000003) = 11.270279248497385
v(0.36) = 11.326382845990395
v(0.37) = 11.37817299392729
v(0.38) = 11.42598132606962
v(0.39) = 11.470113978963685
v(0.4) = 11.510853552259606
v(0.41000000000000003) = 11.548460918313886
v(0.42) = 11.583176892663136
v(0.43) = 11.61522377606567
v(0.44) = 11.644806777985297
v(0.45) = 11.67211533063249
v(0.46) = 11.697324301977273
v(0.47000000000000003) = 11.720595115501236
v(0.48) = 11.74207678385892
v(0.49) = 11.761906863067557
v(0.5) = 11.78021233333519
v(0.51) = 11.797110412167537
v(0.52) = 11.812709304960206
v(0.53) = 11.827108897882653
v(0.54) = 11.840401397490675
v(0.55) = 11.852671921163179
v(0.56) = 11.863999042143991
v(0.5700000000000001) = 11.874455292678878
v(0.58) = 11.884107628469547
v(0.59) = 11.893017857418725
v(0.6) = 11.90124303541176
v(0.61) = 11.90883583166907
v(0.62) = 11.915844866008975
v(0.63) = 11.922315020180527
v(0.64) = 11.928287725259928
v(0.65) = 11.933801226950871
v(0.66) = 11.93889083048761
v(0.67) = 11.943589126709002
v(0.68) = 11.947926200751134
v(0.6900000000000001) = 11.951929824694915
v(0.7000000000000001) = 11.955625635402205
v(0.71) = 11.959037298679256
v(0.72) = 11.962186660818666
v(0.73) = 11.965093888490248
v(0.74) = 11.967777597876553
v(0.75) = 11.970254973880003
v(0.76) = 11.972541880164934
v(0.77) = 11.974652960739208
v(0.78) = 11.97660173372586
v(0.79) = 11.978400677925233
v(0.8) = 11.980061312721912
v(0.81) = 11.981594271848106
v(0.8200000000000001) = 11.983009371475838
v(0.8300000000000001) = 11.984315673073963
v(0.84) = 11.985521541432504
v(0.85) = 11.986634698225862
v(0.86) = 11.987662271457904
v(0.87) = 11.988610841105508
v(0.88) = 11.989486481252902
v(0.89) = 11.990294798986511
v(0.9) = 11.99104097029948
v(0.91) = 11.991729773235686
v(0.92) = 11.992365618485538
v(0.93) = 11.992952577629447
v(0.9400000000000001) = 11.993494409209854
v(0.9500000000000001) = 11.993994582798713
v(0.96) = 11.99445630121462
v(0.97) = 11.994882521031773
v(0.98) = 11.99527597151214
v(0.99) = 11.99563917208206
v(1.0) = 11.99597444846517
