v(0.99) = 0.9898266733619887
v(1.98) = 1.8980069431157385
v(2.9699999999999998) = 2.7312754582675427
v(3.96) = 3.4958113565551816
v(4.95) = 4.1972840861038305
v(5.9399999999999995) = 4.840895447457204
v(6.93) = 5.4314181677483795
v(7.92) = 5.973231293058681
v(8.91) = 6.470352661418168
v(9.9) = 6.926468697252622
v(10.89) = 7.344961748218983
v(11.879999999999999) = 7.728935167146751
v(12.87) = 8.08123632508146
v(13.86) = 8.404477726084496
v(14.85) = 8.701056380366888
v(15.84) = 8.973171579419404
v(16.83) = 9.222841204951138
v(17.82) = 9.451916692576239
v(18.81) = 9.662096761212613
v(19.8) = 9.85494001000354
v(20.79) = 10.031876476175215
v(21.78) = 10.194218239537962
v(22.77) = 10.343169152269287
v(23.759999999999998) = 10.479833766130355
v(24.75) = 10.605225523316054
v(25.74) = 10.720274271678244
v(26.73) = 10.825833160051618
v(27.72) = 10.922684964814788
v(28.71) = 11.011547894601476
v(29.7) = 11.093080916206832
v(30.69) = 11.167888641183456
v(31.68) = 11.236525809363798
v(32.67) = 11.299501402556729
v(33.66) = 11.357282418923564
v(34.65) = 11.410297336022577
v(35.64) = 11.458939288202366
v(36.63) = 11.50356898190616
v(37.62) = 11.54451737050562
v(38.61) = 11.582088108499502
v(39.6) = 11.616559803276367
v(40.589999999999996) = 11.648188081139384
v(41.58) = 11.677207482913959
v(42.57) = 11.703833203195078
v(43.56) = 11.728262686131885
v(44.55) = 11.750677089583085
v(45.54) = 11.77124262850066
v(46.53) = 11.790111807503845
v(47.519999999999996) = 11.807424551783548
v(48.51) = 11.823309244723488
v(49.5) = 11.837883679932585
v(50.49) = 11.85125593474842
v(51.48) = 11.863525171689279
v(52.47) = 11.874782373797984
v(53.46) = 11.88511101933047
v(54.45) = 11.894587700792309
v(55.44) = 11.903282692913658
v(56.43) = 11.911260473774474
v(57.42) = 11.918580202944435
v(58.41) = 11.925296160183212
v(59.4) = 11.931458147954313
v(60.39) = 11.93711186073735
v(61.38) = 11.942299223877374
v(62.37) = 11.947058704484029
v(63.36) = 11.951425596686033
v(64.35) = 11.955432283356267
v(65.34) = 11.959108476248334
v(66.33) = 11.962481436325318
v(67.32) = 11.965576175914604
v(68.31) = 11.968415644187843
v(69.3) = 11.971020897341493
v(70.29) = 11.97341125473995
v(71.28) = 11.975604442179087
v(72.27) = 11.977616723332645
v(73.26) = 11.979463020356192
v(74.25) = 11.981157024543004
v(75.24) = 11.982711297852408
v(76.23) = 11.984137366063532
v(77.22) = 11.985445804245206
v(78.21) = 11.986646315175825
v(79.2) = 11.987747801294711
v(80.19) = 11.98875843071853
v(81.17999999999999) = 11.989685697812302
v(82.17) = 11.990536478764177
v(83.16) = 11.991317082576105
v(84.15) = 11.992033297848502
v(85.14) = 11.99269043570586
v(86.13) = 11.993293369181607
v(87.12) = 11.993846569354313
v(88.11) = 11.994354138503127
v(89.1) = 11.994819840528436
v(90.09) = 11.995247128863205
v(91.08) = 11.99563917208206
v(92.07) = 11.995998877397987
v(93.06) = 11.996328912220893
v(94.05) = 11.996631723937893
v(95.03999999999999) = 11.996909558062018
v(96.03) = 11.99716447488391
v(97.02) = 11.997398364749985
v(98.01) = 11.997612962080387
v(99.0) = 11.99780985823065
